%YAML:1.0
---
aruco_bc_dict: ARUCO_MIP_36h12
aruco_bc_nmarkers: 5
aruco_bc_mInfoType: 1
aruco_bc_markers:
   - { id:20, corners:[ [ -7.5000002980232239e-02,
       7.5000002980232239e-02, 0. ], [ 7.5000002980232239e-02,
       7.5000002980232239e-02, 0. ], [ 7.5000002980232239e-02,
       -7.5000002980232239e-02, 0. ], [ -7.5000002980232239e-02,
       -7.5000002980232239e-02, 0. ] ] }
   - { id:21, corners:[ [ 2.4800001084804535e-01, 7.5000002980232239e-02,
       0. ], [ 3.9800000190734863e-01, 7.5000002980232239e-02, 0. ], [
       3.9800000190734863e-01, -7.5000002980232239e-02, 0. ], [
       2.4800001084804535e-01, -7.5000002980232239e-02, 0. ] ] }
   - { id:22, corners:[ [ 5.7100003957748413e-01, 7.5000002980232239e-02,
       0. ], [ 7.2100001573562622e-01, 7.5000002980232239e-02, 0. ], [
       7.2100001573562622e-01, -7.5000002980232239e-02, 0. ], [
       5.7100003957748413e-01, -7.5000002980232239e-02, 0. ] ] }
   - { id:23, corners:[ [ 8.9400005340576172e-01, 7.5000002980232239e-02,
       0. ], [ 1.0440000295639038e+00, 7.5000002980232239e-02, 0. ], [
       1.0440000295639038e+00, -7.5000002980232239e-02, 0. ], [
       8.9400005340576172e-01, -7.5000002980232239e-02, 0. ] ] }
   - { id:24, corners:[ [ 1.2170000076293945e+00, 7.5000002980232239e-02,
       0. ], [ 1.3670001029968262e+00, 7.5000002980232239e-02, 0. ], [
       1.3670001029968262e+00, -7.5000002980232239e-02, 0. ], [
       1.2170000076293945e+00, -7.5000002980232239e-02, 0. ] ] }
