%YAML:1.0
---
aruco_bc_dict: ARUCO_MIP_36h12
aruco_bc_nmarkers: 4
aruco_bc_mInfoType: 1
aruco_bc_markers:
   - { id:45, corners:[ [ -7.5000002980232239e-02,
       7.5000002980232239e-02, 0. ], [ 7.5000002980232239e-02,
       7.5000002980232239e-02, 0. ], [ 7.5000002980232239e-02,
       -7.5000002980232239e-02, 0. ], [ -7.5000002980232239e-02,
       -7.5000002980232239e-02, 0. ] ] }
   - { id:46, corners:[ [ 2.4800001084804535e-01, 7.5000002980232239e-02,
       0. ], [ 3.9800000190734863e-01, 7.5000002980232239e-02, 0. ], [
       3.9800000190734863e-01, -7.5000002980232239e-02, 0. ], [
       2.4800001084804535e-01, -7.5000002980232239e-02, 0. ] ] }
   - { id:48, corners:[ [ -7.5000002980232239e-02,
       -2.0499999821186066e-01, 0. ], [ 7.5000002980232239e-02,
       -2.0499999821186066e-01, 0. ], [ 7.5000002980232239e-02,
       -3.5499998927116394e-01, 0. ], [ -7.5000002980232239e-02,
       -3.5499998927116394e-01, 0. ] ] }
   - { id:49, corners:[ [ 2.4800001084804535e-01,
       -2.0499999821186066e-01, 0. ], [ 3.9800000190734863e-01,
       -2.0499999821186066e-01, 0. ], [ 3.9800000190734863e-01,
       -3.5499998927116394e-01, 0. ], [ 2.4800001084804535e-01,
       -3.5499998927116394e-01, 0. ] ] }
