%YAML:1.0
---
aruco_bc_dict: ARUCO_MIP_36h12
aruco_bc_nmarkers: 4
aruco_bc_mInfoType: 1
aruco_bc_markers:
   - { id:15, corners:[ [ -7.5000002980232239e-02,
       7.5000002980232239e-02, 0. ], [ 7.5000002980232239e-02,
       7.5000002980232239e-02, 0. ], [ 7.5000002980232239e-02,
       -7.5000002980232239e-02, 0. ], [ -7.5000002980232239e-02,
       -7.5000002980232239e-02, 0. ] ] }
   - { id:16, corners:[ [ 2.4850000441074371e-01, 7.5000002980232239e-02,
       0. ], [ 3.9850002527236938e-01, 7.5000002980232239e-02, 0. ], [
       3.9850002527236938e-01, -7.5000002980232239e-02, 0. ], [
       2.4850000441074371e-01, -7.5000002980232239e-02, 0. ] ] }
   - { id:18, corners:[ [ -7.5000002980232239e-02,
       -1.8600000441074371e-01, 0. ], [ 7.5000002980232239e-02,
       -1.8600000441074371e-01, 0. ], [ 7.5000002980232239e-02,
       -3.3599999547004700e-01, 0. ], [ -7.5000002980232239e-02,
       -3.3599999547004700e-01, 0. ] ] }
   - { id:19, corners:[ [ 2.4850000441074371e-01,
       -1.8600000441074371e-01, 0. ], [ 3.9850002527236938e-01,
       -1.8600000441074371e-01, 0. ], [ 3.9850002527236938e-01,
       -3.3599999547004700e-01, 0. ], [ 2.4850000441074371e-01,
       -3.3599999547004700e-01, 0. ] ] }
