%YAML:1.0
# 坐标系A
---
aruco_bc_dict: ARUCO_MIP_36h12
aruco_bc_nmarkers: 124
aruco_bc_mInfoType: 1 
aruco_bc_markers:
   - { id:156, corners:[ [-2.543,-0.265, 2.786],
                            [ -2.693,-0.265, 2.786],
                            [ -2.693, -0.415, 2.786 ],
                            [ -2.543, -0.415, 2.786 ] ] }
   - { id:154, corners:[ [0.167, -0.055, -0.392],
                            [ 0.017,-0.055, -0.392],
                            [ 0.017, -0.205, -0.392 ],
                            [ 0.167, -0.205, -0.392 ] ] }
   - { id:189, corners:[ [-2.941,-0.265, 2.786],
                            [ -3.091,-0.265, 2.786],
                            [ -3.091, -0.415, 2.786 ],
                            [ -2.941, -0.415, 2.786 ] ] }
   - { id:247, corners:[ [-3.345,-0.265, 2.786],
                            [ -3.495,-0.265, 2.786],
                            [ -3.495, -0.415, 2.786 ],
                            [ -3.345, -0.415, 2.786 ] ] }
   - { id:158, corners:[ [-3.755,-0.265, 2.786],
                            [-3.905,-0.265, 2.786],
                            [-3.905, -0.415, 2.786 ],
                            [-3.755, -0.415, 2.786 ] ] }
   - { id:134, corners:[ [-4.16,-0.265, 2.786],
                            [ -4.31,-0.265, 2.786],
                            [ -4.31, -0.415, 2.786 ],
                            [ -4.16, -0.415, 2.786 ] ] }
   - { id:229, corners:[ [-0.735,-0.055, -2.506],
                            [ -0.735,-0.055, -2.656],
                            [ -0.735, -0.205, -2.656 ],
                            [ -0.735, -0.205, -2.506 ] ] }
   - { id:236, corners:[ [-0.735,-0.055, -2.107],
                            [ -0.735,-0.055, -2.257],
                            [ -0.735, -0.205, -2.257 ],
                            [ -0.735, -0.205, -2.107 ] ] }
   - { id:243, corners:[ [-0.735,-0.055, -1.705],
                            [ -0.735,-0.055, -1.855],
                            [ -0.735, -0.205, -1.855 ],
                            [ -0.735, -0.205, -1.705 ] ] }
   - { id:119, corners:[ [-0.735,-0.055, -1.304],
                            [ -0.735,-0.055, -1.454],
                            [ -0.735, -0.205, -1.454 ],
                            [ -0.735, -0.205, -1.304 ] ] }
   - { id:233, corners:[ [1.148,-0.275, 2.786],
                            [ 0.998,-0.275, 2.786],
                            [ 0.998, -0.425, 2.786 ],
                            [ 1.148, -0.425, 2.786 ] ] }
   - { id:153, corners:[ [1.597,-0.275, 2.786],
                            [ 1.447,-0.275, 2.786],
                            [ 1.447, -0.425, 2.786 ],
                            [ 1.597, -0.425, 2.786 ] ] }
   - { id:239, corners:[ [2.047,-0.275, 2.786],
                            [ 1.897,-0.275, 2.786],
                            [ 1.897, -0.425, 2.786 ],
                            [ 2.047, -0.425, 2.786 ] ] }
   - { id:209, corners:[ [0.695,-0.275, 2.786],
                            [ 0.545,-0.275, 2.786],
                            [ 0.545, -0.425, 2.786 ],
                            [ 0.695, -0.425, 2.786 ] ] }
   - { id:115, corners:[ [ -0.075, -0.325, 0],
                            [ 0.075, -0.325, 0],
                            [ 0.075, -0.475, 0 ],
                            [ -0.075, -0.475, 0 ] ] }
   - { id:108, corners:[ [ -0.075, 0.075, 0], 
                            [ 0.075, 0.075, 0], 
                            [ 0.075, -0.075, 0 ], 
                            [ -0.075, -0.075, 0 ] ] }

   ### 划片室新增10个
   - { id:120, corners:[ [ -7.3498779535293579e-01,
       3.2499998807907104e-01, -3.3059999942779541e+00 ], [
       -7.3498690128326416e-01, 3.2499998807907104e-01,
       -3.4560000896453857e+00 ], [ -7.3498690128326416e-01,
       1.7499999701976776e-01, -3.4560000896453857e+00 ], [
       -7.3498779535293579e-01, 1.7499999701976776e-01,
       -3.3059999942779541e+00 ] ] }
   - { id:122, corners:[ [ -7.3498529195785522e-01,
       3.2499998807907104e-01, -3.7060000896453857e+00 ], [
       -7.3498433828353882e-01, 3.2499998807907104e-01,
       -3.8560001850128174e+00 ], [ -7.3498433828353882e-01,
       1.7499999701976776e-01, -3.8560001850128174e+00 ], [
       -7.3498529195785522e-01, 1.7499999701976776e-01,
       -3.7060000896453857e+00 ] ] }
   - { id:123, corners:[ [ -7.3499542474746704e-01,
       -5.4999995976686478e-02, -3.7060000896453857e+00 ], [
       -7.3499447107315063e-01, -5.4999995976686478e-02,
       -3.8559999465942383e+00 ], [ -7.3499447107315063e-01,
       -2.0499999821186066e-01, -3.8559999465942383e+00 ], [
       -7.3499542474746704e-01, -2.0499999821186066e-01,
       -3.7060000896453857e+00 ] ] }
   - { id:124, corners:[ [ -7.3499792814254761e-01,
       -5.4999995976686478e-02, -3.3059999942779541e+00 ], [
       -7.3499697446823120e-01, -5.4999995976686478e-02,
       -3.4560000896453857e+00 ], [ -7.3499697446823120e-01,
       -2.0499999821186066e-01, -3.4560000896453857e+00 ], [
       -7.3499792814254761e-01, -2.0499999821186066e-01,
       -3.3059999942779541e+00 ] ] }
   - { id:202, corners:[ [ -7.3500049114227295e-01,
       3.2499998807907104e-01, -1.3059999942779541e+00 ], [
       -7.3499953746795654e-01, 3.2499998807907104e-01,
       -1.4559999704360962e+00 ], [ -7.3499953746795654e-01,
       1.7499999701976776e-01, -1.4559999704360962e+00 ], [
       -7.3500049114227295e-01, 1.7499999701976776e-01,
       -1.3059999942779541e+00 ] ] }
   - { id:218, corners:[ [ -7.3499792814254761e-01,
       3.2499998807907104e-01, -1.7059999704360962e+00 ], [
       -7.3499697446823120e-01, 3.2499998807907104e-01,
       -1.8560000658035278e+00 ], [ -7.3499697446823120e-01,
       1.7499999701976776e-01, -1.8560000658035278e+00 ], [
       -7.3499792814254761e-01, 1.7499999701976776e-01,
       -1.7059999704360962e+00 ] ] }
   - { id:220, corners:[ [ -7.3500049114227295e-01,
       -5.4999995976686478e-02, -2.9059998989105225e+00 ], [
       -7.3499953746795654e-01, -5.4999995976686478e-02,
       -3.0559999942779541e+00 ], [ -7.3499953746795654e-01,
       -2.0499999821186066e-01, -3.0559999942779541e+00 ], [
       -7.3500049114227295e-01, -2.0499999821186066e-01,
       -2.9059998989105225e+00 ] ] }
   - { id:222, corners:[ [ -7.3499286174774170e-01,
       3.2499998807907104e-01, -2.5060000419616699e+00 ], [
       -7.3499190807342529e-01, 3.2499998807907104e-01,
       -2.6560001373291016e+00 ], [ -7.3499190807342529e-01,
       1.7499999701976776e-01, -2.6560001373291016e+00 ], [
       -7.3499286174774170e-01, 1.7499999701976776e-01,
       -2.5060000419616699e+00 ] ] }
   - { id:223, corners:[ [ -7.3499035835266113e-01,
       3.2499998807907104e-01, -2.9059998989105225e+00 ], [
       -7.3498940467834473e-01, 3.2499998807907104e-01,
       -3.0559999942779541e+00 ], [ -7.3498940467834473e-01,
       1.7499999701976776e-01, -3.0559999942779541e+00 ], [
       -7.3499035835266113e-01, 1.7499999701976776e-01,
       -2.9059998989105225e+00 ] ] }
   - { id:225, corners:[ [ -7.3499542474746704e-01,
       3.2499998807907104e-01, -2.1059999465942383e+00 ], [
       -7.3499447107315063e-01, 3.2499998807907104e-01,
       -2.2560000419616699e+00 ], [ -7.3499447107315063e-01,
       1.7499999701976776e-01, -2.2560000419616699e+00 ], [
       -7.3499542474746704e-01, 1.7499999701976776e-01,
       -2.1059999465942383e+00 ] ] }



   # start wall
   # ADD 0326
   - { id:190, corners:[ [ 3.8583999633789062e+01,
       1.4499999582767487e-01, 0. ], [ 3.8734001159667969e+01,
       1.4499999582767487e-01, 0. ], [ 3.8734001159667969e+01,
       -5.0000031478703022e-03, 0. ], [ 3.8583999633789062e+01,
       -5.0000031478703022e-03, 0. ] ] }
   - { id:246, corners:[ [ 4.9896999359130859e+01,
       1.4499999582767487e-01, 0. ], [ 5.0047000885009766e+01,
