%YAML:1.0
---
aruco_bc_dict: ARUCO_MIP_36h12
aruco_bc_nmarkers: 2
aruco_bc_mInfoType: 1
aruco_bc_markers:
   - { id:0, corners:[ [ -1.5000000596046448e-01, 7.5000002980232239e-02,
       0. ], [ 0., 7.5000002980232239e-02, 0. ], [ 0.,
       -7.5000002980232239e-02, 0. ], [ -1.5000000596046448e-01,
       -7.5000002980232239e-02, 0. ] ] }
   - { id:1, corners:[ [ 1.7190000414848328e-01, 7.5000002980232239e-02,
       0. ], [ 3.2190001010894775e-01, 7.5000002980232239e-02, 0. ], [
       3.2190001010894775e-01, -7.5000002980232239e-02, 0. ], [
       1.7190000414848328e-01, -7.5000002980232239e-02, 0. ] ] }
