%YAML:1.0
---
aruco_bc_dict: ARUCO_MIP_36h12
aruco_bc_nmarkers: 15
aruco_bc_mInfoType: 1
aruco_bc_markers:
   - { id:5, corners:[ [ 3.7079999446868896e+00, 7.5000002980232239e-02,
       0. ], [ 3.8580000400543213e+00, 7.5000002980232239e-02, 0. ], [
       3.8580000400543213e+00, -7.5000002980232239e-02, 0. ], [
       3.7079999446868896e+00, -7.5000002980232239e-02, 0. ] ] }
   - { id:6, corners:[ [ 4.0310001373291016e+00, 7.5000002980232239e-02,
       0. ], [ 4.1810002326965332e+00, 7.5000002980232239e-02, 0. ], [
       4.1810002326965332e+00, -7.5000002980232239e-02, 0. ], [
       4.0310001373291016e+00, -7.5000002980232239e-02, 0. ] ] }
   - { id:7, corners:[ [ 4.3540000915527344e+00, 7.5000002980232239e-02,
       0. ], [ 4.5040001869201660e+00, 7.5000002980232239e-02, 0. ], [
       4.5040001869201660e+00, -7.5000002980232239e-02, 0. ], [
       4.3540000915527344e+00, -7.5000002980232239e-02, 0. ] ] }
   - { id:8, corners:[ [ 4.6770000457763672e+00, 7.5000002980232239e-02,
       0. ], [ 4.8270001411437988e+00, 7.5000002980232239e-02, 0. ], [
       4.8270001411437988e+00, -7.5000002980232239e-02, 0. ], [
       4.6770000457763672e+00, -7.5000002980232239e-02, 0. ] ] }
   - { id:9, corners:[ [ 5., 7.5000002980232239e-02, 0. ], [
       5.1500000953674316e+00, 7.5000002980232239e-02, 0. ], [
       5.1500000953674316e+00, -7.5000002980232239e-02, 0. ], [ 5.,
       -7.5000002980232239e-02, 0. ] ] }
   - { id:15, corners:[ [ -7.5000002980232239e-02,
       7.5000002980232239e-02, 0. ], [ 7.5000002980232239e-02,
       7.5000002980232239e-02, 0. ], [ 7.5000002980232239e-02,
       -7.5000002980232239e-02, 0. ], [ -7.5000002980232239e-02,
       -7.5000002980232239e-02, 0. ] ] }
   - { id:16, corners:[ [ 2.4800001084804535e-01, 7.5000002980232239e-02,
       0. ], [ 3.9800000190734863e-01, 7.5000002980232239e-02, 0. ], [
       3.9800000190734863e-01, -7.5000002980232239e-02, 0. ], [
       2.4800001084804535e-01, -7.5000002980232239e-02, 0. ] ] }
   - { id:17, corners:[ [ 5.7100003957748413e-01, 7.5000002980232239e-02,
       0. ], [ 7.2100001573562622e-01, 7.5000002980232239e-02, 0. ], [
       7.2100001573562622e-01, -7.5000002980232239e-02, 0. ], [
       5.7100003957748413e-01, -7.5000002980232239e-02, 0. ] ] }
   - { id:18, corners:[ [ 8.9400005340576172e-01, 7.5000002980232239e-02,
       0. ], [ 1.0440000295639038e+00, 7.5000002980232239e-02, 0. ], [
       1.0440000295639038e+00, -7.5000002980232239e-02, 0. ], [
       8.9400005340576172e-01, -7.5000002980232239e-02, 0. ] ] }
   - { id:19, corners:[ [ 1.2170000076293945e+00, 7.5000002980232239e-02,
       0. ], [ 1.3670001029968262e+00, 7.5000002980232239e-02, 0. ], [
       1.3670001029968262e+00, -7.5000002980232239e-02, 0. ], [
       1.2170000076293945e+00, -7.5000002980232239e-02, 0. ] ] }
   - { id:45, corners:[ [ 7.4999403953552246e+00, 7.5000002980232239e-02,
       3.2850000858306885e+00 ], [ 7.5000596046447754e+00,
       7.5000002980232239e-02, 3.4349999427795410e+00 ], [
       7.5000596046447754e+00, -7.5000002980232239e-02,
       3.4349999427795410e+00 ], [ 7.4999403953552246e+00,
       -7.5000002980232239e-02, 3.2850000858306885e+00 ] ] }
   - { id:46, corners:[ [ 7.5001974105834961e+00, 7.5000002980232239e-02,
       3.6080000400543213e+00 ], [ 7.5003170967102051e+00,
       7.5000002980232239e-02, 3.7579998970031738e+00 ], [
       7.5003170967102051e+00, -7.5000002980232239e-02,
       3.7579998970031738e+00 ], [ 7.5001974105834961e+00,
       -7.5000002980232239e-02, 3.6080000400543213e+00 ] ] }
   - { id:47, corners:[ [ 7.5004549026489258e+00, 7.5000002980232239e-02,
       3.9309997558593750e+00 ], [ 7.5005741119384766e+00,
       7.5000002980232239e-02, 4.0809998512268066e+00 ], [
       7.5005741119384766e+00, -7.5000002980232239e-02,
       4.0809998512268066e+00 ], [ 7.5004549026489258e+00,
       -7.5000002980232239e-02, 3.9309997558593750e+00 ] ] }
   - { id:48, corners:[ [ 7.5007119178771973e+00, 7.5000002980232239e-02,
       4.2539997100830078e+00 ], [ 7.5008311271667480e+00,
       7.5000002980232239e-02, 4.4039998054504395e+00 ], [
       7.5008311271667480e+00, -7.5000002980232239e-02,
       4.4039998054504395e+00 ], [ 7.5007119178771973e+00,
       -7.5000002980232239e-02, 4.2539997100830078e+00 ] ] }
   - { id:49, corners:[ [ 7.5009689331054688e+00, 7.5000002980232239e-02,
       4.5769996643066406e+00 ], [ 7.5010886192321777e+00,
       7.5000002980232239e-02, 4.7269997596740723e+00 ], [
       7.5010886192321777e+00, -7.5000002980232239e-02,
       4.7269997596740723e+00 ], [ 7.5009689331054688e+00,
       -7.5000002980232239e-02, 4.5769996643066406e+00 ] ] }
