%YAML:1.0
---
aruco_bc_dict: ARUCO_MIP_36h12
aruco_bc_nmarkers: 26
aruco_bc_mInfoType: 1
aruco_bc_markers:
   - { id:10, corners:[ [ -7.5000002980232239e-02,
       7.5000002980232239e-02, 0. ], [ 7.5000002980232239e-02,
       7.5000002980232239e-02, 0. ], [ 7.5000002980232239e-02,
       -7.5000002980232239e-02, 0. ], [ -7.5000002980232239e-02,
       -7.5000002980232239e-02, 0. ] ] }
   - { id:11, corners:[ [ 2.4800001084804535e-01, 7.5000002980232239e-02,
       0. ], [ 3.9800000190734863e-01, 7.5000002980232239e-02, 0. ], [
       3.9800000190734863e-01, -7.5000002980232239e-02, 0. ], [
       2.4800001084804535e-01, -7.5000002980232239e-02, 0. ] ] }
   - { id:12, corners:[ [ 5.7100003957748413e-01, 7.5000002980232239e-02,
       0. ], [ 7.2100001573562622e-01, 7.5000002980232239e-02, 0. ], [
       7.2100001573562622e-01, -7.5000002980232239e-02, 0. ], [
       5.7100003957748413e-01, -7.5000002980232239e-02, 0. ] ] }
   - { id:13, corners:[ [ 8.9400005340576172e-01, 7.5000002980232239e-02,
       0. ], [ 1.0440000295639038e+00, 7.5000002980232239e-02, 0. ], [
       1.0440000295639038e+00, -7.5000002980232239e-02, 0. ], [
       8.9400005340576172e-01, -7.5000002980232239e-02, 0. ] ] }
   - { id:14, corners:[ [ 1.2170000076293945e+00, 7.5000002980232239e-02,
       0. ], [ 1.3670001029968262e+00, 7.5000002980232239e-02, 0. ], [
       1.3670001029968262e+00, -7.5000002980232239e-02, 0. ], [
       1.2170000076293945e+00, -7.5000002980232239e-02, 0. ] ] }
   - { id:17, corners:[ [ 1.2508999824523926e+01, 7.5000002980232239e-02,
       -5.1300001144409180e-01 ], [ 1.2659000396728516e+01,
       7.5000002980232239e-02, -5.1300001144409180e-01 ], [
       1.2659000396728516e+01, -7.5000002980232239e-02,
       -5.1300001144409180e-01 ], [ 1.2508999824523926e+01,
       -7.5000002980232239e-02, -5.1300001144409180e-01 ] ] }
   - { id:18, corners:[ [ 1.2831999778747559e+01, 7.5000002980232239e-02,
       -5.1300001144409180e-01 ], [ 1.2982000350952148e+01,
       7.5000002980232239e-02, -5.1300001144409180e-01 ], [
       1.2982000350952148e+01, -7.5000002980232239e-02,
       -5.1300001144409180e-01 ], [ 1.2831999778747559e+01,
       -7.5000002980232239e-02, -5.1300001144409180e-01 ] ] }
   - { id:19, corners:[ [ 1.3154999732971191e+01, 7.5000002980232239e-02,
       -5.1300001144409180e-01 ], [ 1.3305000305175781e+01,
       7.5000002980232239e-02, -5.1300001144409180e-01 ], [
       1.3305000305175781e+01, -7.5000002980232239e-02,
       -5.1300001144409180e-01 ], [ 1.3154999732971191e+01,
       -7.5000002980232239e-02, -5.1300001144409180e-01 ] ] }
   - { id:20, corners:[ [ 6.2170000076293945e+00, 7.5000002980232239e-02,
       0. ], [ 6.3670001029968262e+00, 7.5000002980232239e-02, 0. ], [
       6.3670001029968262e+00, -7.5000002980232239e-02, 0. ], [
       6.2170000076293945e+00, -7.5000002980232239e-02, 0. ] ] }
   - { id:21, corners:[ [ 6.5399999618530273e+00, 7.5000002980232239e-02,
       0. ], [ 6.6900000572204590e+00, 7.5000002980232239e-02, 0. ], [
       6.6900000572204590e+00, -7.5000002980232239e-02, 0. ], [
       6.5399999618530273e+00, -7.5000002980232239e-02, 0. ] ] }
   - { id:22, corners:[ [ 6.8629999160766602e+00, 7.5000002980232239e-02,
       0. ], [ 7.0130000114440918e+00, 7.5000002980232239e-02, 0. ], [
       7.0130000114440918e+00, -7.5000002980232239e-02, 0. ], [
       6.8629999160766602e+00, -7.5000002980232239e-02, 0. ] ] }
   - { id:23, corners:[ [ 7.1859998703002930e+00, 7.5000002980232239e-02,
       0. ], [ 7.3359999656677246e+00, 7.5000002980232239e-02, 0. ], [
       7.3359999656677246e+00, -7.5000002980232239e-02, 0. ], [
       7.1859998703002930e+00, -7.5000002980232239e-02, 0. ] ] }
   - { id:24, corners:[ [ 7.5089998245239258e+00, 7.5000002980232239e-02,
       0. ], [ 7.6589999198913574e+00, 7.5000002980232239e-02, 0. ], [
       7.6589999198913574e+00, -7.5000002980232239e-02, 0. ], [
       7.5089998245239258e+00, -7.5000002980232239e-02, 0. ] ] }
   - { id:25, corners:[ [ 1.7510999679565430e+01, 7.5000002980232239e-02,
       -4.6999999880790710e-01 ], [ 1.7660999298095703e+01,
       7.5000002980232239e-02, -4.6999999880790710e-01 ], [
       1.7660999298095703e+01, -7.5000002980232239e-02,
       -4.6999999880790710e-01 ], [ 1.7510999679565430e+01,
       -7.5000002980232239e-02, -4.6999999880790710e-01 ] ] }
   - { id:26, corners:[ [ 1.7833999633789062e+01, 7.5000002980232239e-02,
       -4.6999999880790710e-01 ], [ 1.7983999252319336e+01,
       7.5000002980232239e-02, -4.6999999880790710e-01 ], [
       1.7983999252319336e+01, -7.5000002980232239e-02,
       -4.6999999880790710e-01 ], [ 1.7833999633789062e+01,
       -7.5000002980232239e-02, -4.6999999880790710e-01 ] ] }
   - { id:27, corners:[ [ 1.8156999588012695e+01, 7.5000002980232239e-02,
       -4.6999999880790710e-01 ], [ 1.8306999206542969e+01,
       7.5000002980232239e-02, -4.6999999880790710e-01 ], [
       1.8306999206542969e+01, -7.5000002980232239e-02,
       -4.6999999880790710e-01 ], [ 1.8156999588012695e+01,
       -7.5000002980232239e-02, -4.6999999880790710e-01 ] ] }
   - { id:30, corners:[ [ 2.2567939758300781e+01, 7.5000002980232239e-02,
       2.9820001125335693e+00 ], [ 2.2568059921264648e+01,
       7.5000002980232239e-02, 3.1319999694824219e+00 ], [
       2.2568059921264648e+01, -7.5000002980232239e-02,
       3.1319999694824219e+00 ], [ 2.2567939758300781e+01,
       -7.5000002980232239e-02, 2.9820001125335693e+00 ] ] }
   - { id:31, corners:[ [ 2.2568197250366211e+01, 7.5000002980232239e-02,
       3.3049998283386230e+00 ], [ 2.2568317413330078e+01,
       7.5000002980232239e-02, 3.4549999237060547e+00 ], [
       2.2568317413330078e+01, -7.5000002980232239e-02,
       3.4549999237060547e+00 ], [ 2.2568197250366211e+01,
       -7.5000002980232239e-02, 3.3049998283386230e+00 ] ] }
   - { id:32, corners:[ [ 2.2568454742431641e+01, 7.5000002980232239e-02,
       3.6279997825622559e+00 ], [ 2.2568574905395508e+01,
       7.5000002980232239e-02, 3.7779998779296875e+00 ], [
       2.2568574905395508e+01, -7.5000002980232239e-02,
       3.7779998779296875e+00 ], [ 2.2568454742431641e+01,
       -7.5000002980232239e-02, 3.6279997825622559e+00 ] ] }
   - { id:33, corners:[ [ 2.2568712234497070e+01, 7.5000002980232239e-02,
       3.9509997367858887e+00 ], [ 2.2568830490112305e+01,
       7.5000002980232239e-02, 4.1009998321533203e+00 ], [
       2.2568830490112305e+01, -7.5000002980232239e-02,
       4.1009998321533203e+00 ], [ 2.2568712234497070e+01,
       -7.5000002980232239e-02, 3.9509997367858887e+00 ] ] }
   - { id:34, corners:[ [ 2.2568969726562500e+01, 7.5000002980232239e-02,
       4.2739996910095215e+00 ], [ 2.2569087982177734e+01,
       7.5000002980232239e-02, 4.4239997863769531e+00 ], [
       2.2569087982177734e+01, -7.5000002980232239e-02,
       4.4239997863769531e+00 ], [ 2.2568969726562500e+01,
       -7.5000002980232239e-02, 4.2739996910095215e+00 ] ] }
   - { id:45, corners:[ [ 2.0365999221801758e+01, 7.5000002980232239e-02,
       -2.9499998688697815e-01 ], [ 2.0516000747680664e+01,
       7.5000002980232239e-02, -2.9499998688697815e-01 ], [
       2.0516000747680664e+01, -7.5000002980232239e-02,
       -2.9499998688697815e-01 ], [ 2.0365999221801758e+01,
       -7.5000002980232239e-02, -2.9499998688697815e-01 ] ] }
   - { id:46, corners:[ [ 2.0688999176025391e+01, 7.5000002980232239e-02,
       -2.9499998688697815e-01 ], [ 2.0839000701904297e+01,
       7.5000002980232239e-02, -2.9499998688697815e-01 ], [
       2.0839000701904297e+01, -7.5000002980232239e-02,
       -2.9499998688697815e-01 ], [ 2.0688999176025391e+01,
       -7.5000002980232239e-02, -2.9499998688697815e-01 ] ] }
   - { id:47, corners:[ [ 2.1011999130249023e+01, 7.5000002980232239e-02,
       -2.9499998688697815e-01 ], [ 2.1162000656127930e+01,
       7.5000002980232239e-02, -2.9499998688697815e-01 ], [
       2.1162000656127930e+01, -7.5000002980232239e-02,
       -2.9499998688697815e-01 ], [ 2.1011999130249023e+01,
