%YAML:1.0
# 坐标系A
---
aruco_bc_dict: ARUCO_MIP_36h12
aruco_bc_nmarkers: 88
aruco_bc_mInfoType: 1 
aruco_bc_markers:
    - { id:156, corners:[ [-2.543,-0.265, 2.786],
                          [ -2.693,-0.265, 2.786],
                          [ -2.693, -0.415, 2.786 ],
                          [ -2.543, -0.415, 2.786 ] ] }
    - { id:154, corners:[ [0.167, -0.055, -0.392],
                          [ 0.017,-0.055, -0.392],
                          [ 0.017, -0.205, -0.392 ],
                          [ 0.167, -0.205, -0.392 ] ] }
    - { id:189, corners:[ [-2.941,-0.265, 2.786],
                          [ -3.091,-0.265, 2.786],
                          [ -3.091, -0.415, 2.786 ],
                          [ -2.941, -0.415, 2.786 ] ] }
    - { id:247, corners:[ [-3.345,-0.265, 2.786],
                          [ -3.495,-0.265, 2.786],
                          [ -3.495, -0.415, 2.786 ],
                          [ -3.345, -0.415, 2.786 ] ] }
    - { id:158, corners:[ [-3.755,-0.265, 2.786],
                          [-3.905,-0.265, 2.786],
                          [-3.905, -0.415, 2.786 ],
                          [-3.755, -0.415, 2.786 ] ] }
    - { id:134, corners:[ [-4.16,-0.265, 2.786],
                          [ -4.31,-0.265, 2.786],
                          [ -4.31, -0.415, 2.786 ],
                          [ -4.16, -0.415, 2.786 ] ] }
    - { id:229, corners:[ [-0.735,-0.055, -2.506],
                          [ -0.735,-0.055, -2.656],
                          [ -0.735, -0.205, -2.656 ],
                          [ -0.735, -0.205, -2.506 ] ] }
    - { id:236, corners:[ [-0.735,-0.055, -2.107],
                          [ -0.735,-0.055, -2.257],
                          [ -0.735, -0.205, -2.257 ],
                          [ -0.735, -0.205, -2.107 ] ] }
    - { id:243, corners:[ [-0.735,-0.055, -1.705],
                          [ -0.735,-0.055, -1.855],
                          [ -0.735, -0.205, -1.855 ],
                          [ -0.735, -0.205, -1.705 ] ] }
    - { id:119, corners:[ [-0.735,-0.055, -1.304],
                          [ -0.735,-0.055, -1.454],
                          [ -0.735, -0.205, -1.454 ],
                          [ -0.735, -0.205, -1.304 ] ] }
    - { id:233, corners:[ [1.148,-0.275, 2.786],
                          [ 0.998,-0.275, 2.786],
                          [ 0.998, -0.425, 2.786 ],
                          [ 1.148, -0.425, 2.786 ] ] }
    - { id:153, corners:[ [1.597,-0.275, 2.786],
                          [ 1.447,-0.275, 2.786],
                          [ 1.447, -0.425, 2.786 ],
                          [ 1.597, -0.425, 2.786 ] ] }
    - { id:239, corners:[ [2.047,-0.275, 2.786],
                          [ 1.897,-0.275, 2.786],
                          [ 1.897, -0.425, 2.786 ],
                          [ 2.047, -0.425, 2.786 ] ] }
    - { id:209, corners:[ [0.695,-0.275, 2.786],
                          [ 0.545,-0.275, 2.786],
                          [ 0.545, -0.425, 2.786 ],
                          [ 0.695, -0.425, 2.786 ] ] }
    - { id:115, corners:[ [ -0.075, -0.325, 0],
                         [ 0.075, -0.325, 0],
                         [ 0.075, -0.475, 0 ],
                         [ -0.075, -0.475, 0 ] ] }
    - { id:108, corners:[ [ -0.075, 0.075, 0], 
                         [ 0.075, 0.075, 0], 
                         [ 0.075, -0.075, 0 ], 
                         [ -0.075, -0.075, 0 ] ] }
   # start wall
   - { id:110, corners:[ [ 4.8962001800537109e+01,
       1.4499999582767487e-01, 0. ], [ 4.9111999511718750e+01,
       1.4499999582767487e-01, 0. ], [ 4.9111999511718750e+01,
       -5.0000031478703022e-03, 0. ], [ 4.8962001800537109e+01,
       -5.0000031478703022e-03, 0. ] ] }
   - { id:83, corners:[ [ 4.8562000274658203e+01, 1.4499999582767487e-01,
       0. ], [ 4.8712001800537109e+01, 1.4499999582767487e-01, 0. ], [
       4.8712001800537109e+01, -5.0000031478703022e-03, 0. ], [
       4.8562000274658203e+01, -5.0000031478703022e-03, 0. ] ] }
   - { id:105, corners:[ [ 4.8161998748779297e+01,
       1.4499999582767487e-01, 0. ], [ 4.8312000274658203e+01,
       1.4499999582767487e-01, 0. ], [ 4.8312000274658203e+01,
       -5.0000031478703022e-03, 0. ], [ 4.8161998748779297e+01,
       -5.0000031478703022e-03, 0. ] ] }
   - { id:69, corners:[ [ 4.7762001037597656e+01, 1.4499999582767487e-01,
       0. ], [ 4.7911998748779297e+01, 1.4499999582767487e-01, 0. ], [
       4.7911998748779297e+01, -5.0000031478703022e-03, 0. ], [
       4.7762001037597656e+01, -5.0000031478703022e-03, 0. ] ] }
   - { id:63, corners:[ [ 4.7365001678466797e+01, 1.4499999582767487e-01,
       0. ], [ 4.7514999389648438e+01, 1.4499999582767487e-01, 0. ], [
       4.7514999389648438e+01, -5.0000031478703022e-03, 0. ], [
       4.7365001678466797e+01, -5.0000031478703022e-03, 0. ] ] }
   - { id:98, corners:[ [ 4.4779998779296875e+01, 1.4499999582767487e-01,
       0. ], [ 4.4930000305175781e+01, 1.4499999582767487e-01, 0. ], [
       4.4930000305175781e+01, -5.0000031478703022e-03, 0. ], [
       4.4779998779296875e+01, -5.0000031478703022e-03, 0. ] ] }
   - { id:20, corners:[ [ 4.4379001617431641e+01, 1.4499999582767487e-01,
       0. ], [ 4.4528999328613281e+01, 1.4499999582767487e-01, 0. ], [
       4.4528999328613281e+01, -5.0000031478703022e-03, 0. ], [
       4.4379001617431641e+01, -5.0000031478703022e-03, 0. ] ] }
   - { id:39, corners:[ [ 4.3982002258300781e+01, 1.4499999582767487e-01,
       0. ], [ 4.4131999969482422e+01, 1.4499999582767487e-01, 0. ], [
       4.4131999969482422e+01, -5.0000031478703022e-03, 0. ], [
       4.3982002258300781e+01, -5.0000031478703022e-03, 0. ] ] }
   - { id:17, corners:[ [ 4.3583000183105469e+01, 1.4499999582767487e-01,
       0. ], [ 4.3733001708984375e+01, 1.4499999582767487e-01, 0. ], [
       4.3733001708984375e+01, -5.0000031478703022e-03, 0. ], [
       4.3583000183105469e+01, -5.0000031478703022e-03, 0. ] ] }
   - { id:13, corners:[ [ 4.3184001922607422e+01, 1.4499999582767487e-01,
       0. ], [ 4.3333999633789062e+01, 1.4499999582767487e-01, 0. ], [
       4.3333999633789062e+01, -5.0000031478703022e-03, 0. ], [
       4.3184001922607422e+01, -5.0000031478703022e-03, 0. ] ] }
   - { id:188, corners:[ [ 3.3489002227783203e+01,
       1.4499999582767487e-01, 0. ], [ 3.3638999938964844e+01,
       1.4499999582767487e-01, 0. ], [ 3.3638999938964844e+01,
       -5.0000031478703022e-03, 0. ], [ 3.3489002227783203e+01,
       -5.0000031478703022e-03, 0. ] ] }
   - { id:3, corners:[ [ 3.3090999603271484e+01, 1.4499999582767487e-01,
       0. ], [ 3.3241001129150391e+01, 1.4499999582767487e-01, 0. ], [
       3.3241001129150391e+01, -5.0000031478703022e-03, 0. ], [
       3.3090999603271484e+01, -5.0000031478703022e-03, 0. ] ] }
   - { id:9, corners:[ [ 3.2691001892089844e+01, 1.4499999582767487e-01,
       0. ], [ 3.2840999603271484e+01, 1.4499999582767487e-01, 0. ], [
       3.2840999603271484e+01, -5.0000031478703022e-03, 0. ], [
       3.2691001892089844e+01, -5.0000031478703022e-03, 0. ] ] }
   - { id:6, corners:[ [ 3.2291000366210938e+01, 1.4499999582767487e-01,
       0. ], [ 3.2441001892089844e+01, 1.4499999582767487e-01, 0. ], [
       3.2441001892089844e+01, -5.0000031478703022e-03, 0. ], [
       3.2291000366210938e+01, -5.0000031478703022e-03, 0. ] ] }
   - { id:12, corners:[ [ 3.1891000747680664e+01, 1.4499999582767487e-01,
       0. ], [ 3.2041000366210938e+01, 1.4499999582767487e-01, 0. ], [
       3.2041000366210938e+01, -5.0000031478703022e-03, 0. ], [
       3.1891000747680664e+01, -5.0000031478703022e-03, 0. ] ] }
   - { id:16, corners:[ [ 2.7461000442504883e+01, 1.4499999582767487e-01,
       0. ], [ 2.7611000061035156e+01, 1.4499999582767487e-01, 0. ], [
       2.7611000061035156e+01, -5.0000031478703022e-03, 0. ], [
       2.7461000442504883e+01, -5.0000031478703022e-03, 0. ] ] }
